15,17,19
160,36,55
208,123,140
123,47,53
222,187,176
41,41,52
169,154,184
29,24,29
45,44,44
40,49,70
38,78,77
63,48,49
22,23,25
243,244,245
16,16,16
212,212,214
202,124,76
62,78,47
215,218,219
241,240,244
26,27,30
132,69,86
28,30,40
22,26,31
18,19,20
145,145,145
151,127,82
236,237,240
232,234,237
71,80,76
23,25,24
30,29,29
191,172,184
236,208,209
232,222,211
3,77,97
94,84,93
50,37,40
163,179,197
108,108,105
191,186,211
78,75,87
42,40,40
12,13,14
230,230,232
59,59,59
29,31,32
241,240,238
53,54,56
107,29,49
241,238,229
156,56,48
192,142,111
25,26,24
27,26,30
94,55,65
201,195,188
177,96,92
18,39,39
198,51,65
99,85,79
144,209,206
246,246,242
34,34,35
218,123,190
223,223,225
228,225,232
209,198,202
18,18,18
190,187,186
54,70,114
253,214,112
236,237,235
240,235,222
31,33,36
212,199,184
234,233,233
228,40,56
225,182,189
194,169,165
98,44,48
34,139,225
56,55,51
232,231,226
205,47,57
242,242,244
233,233,236
19,25,35
226,228,225
242,52,71
19,20,21
37,37,37
71,47,83
30,31,36
178,149,71
242,243,242
40,38,41
27,139,121
226,221,218
241,47,66
38,95,160
228,225,232
81,75,84
35,21,27
26,44,124
102,103,100
32,33,35
20,19,25
214,215,217
218,147,61
171,160,165
175,209,151
236,236,236
22,22,21
10,11,13
90,47,60
110,107,90
221,220,214
190,63,50
185,27,39
235,220,147
239,234,229
217,127,121
244,245,242
62,63,62
242,242,242
243,228,206
24,25,29
161,91,81
20,22,22
19,20,31
91,86,80
228,218,201
221,160,169
60,60,60
31,33,45
227,227,227
228,237,211
119,119,119
100,62,83
48,48,70
41,41,41
247,247,245
243,243,242
45,46,49
68,69,66
243,242,238
77,77,75
66,93,155
236,156,140
125,153,92
94,51,55
244,243,246
242,242,236
208,208,211
15,17,17
35,42,45
237,234,132
233,235,236
239,239,241
26,33,46
48,73,63
35,32,38
19,20,24
208,41,55
235,234,229
213,66,54
28,29,34
34,34,47
240,240,239
187,201,206
89,124,126
231,231,228
206,138,72
38,38,42
39,103,98
73,45,50
201,203,203
35,36,36
242,236,236
235,209,208
132,82,77
85,82,84
39,38,37
138,140,144
253,175,215
34,36,51
186,58,42
20,16,16
30,31,44
149,145,152
222,212,211
20,20,19
127,118,109
40,38,39
164,189,188
241,243,238
38,39,42
146,123,112
237,237,232
237,243,246
33,33,33
91,44,57
47,48,50
19,20,21
24,25,25
40,40,40
168,74,54
19,19,21
14,15,16
130,132,139
106,111,131
237,215,111
242,74,61
244,245,249
220,220,218
231,203,190
22,22,33
186,209,227
243,242,245
232,232,228
142,142,147
23,24,27
150,137,134
81,72,58
226,35,49
230,231,226
55,53,52
198,199,199
27,27,27
16,16,16
244,76,67
234,215,171
240,209,97
39,48,73
129,44,35
14,79,139
213,196,174
231,229,222
27,27,26
24,26,26
15,16,16
33,83,167
193,49,90
237,236,234
20,22,36
205,204,202
126,142,147
24,26,27
229,229,230
241,241,241
246,246,246
245,221,217
19,20,20
153,159,173
241,241,237
111,31,48
21,21,21
24,25,25
62,111,141
46,48,48
29,27,33
227,225,226
19,24,34
19,20,22
200,59,99
63,59,58
178,177,173
240,237,212
236,236,236
198,167,147
112,125,83
29,31,44
235,218,216
230,230,232
169,93,79
137,9,37
22,19,22
50,50,54
245,246,247
240,238,241
69,69,61
174,153,138
236,185,124
243,243,243
38,31,37
233,224,134
102,35,52
222,222,222
239,238,239
242,178,57
19,23,40
237,237,237
202,202,213
25,26,27
218,217,215
216,219,214
16,17,18
233,116,135
207,153,85
242,142,47
89,123,164
24,27,28
237,237,235
196,191,189
243,217,111
243,217,111
227,248,244
218,225,233
213,198,182
225,182,129
31,32,32
16,17,17
85,82,76
235,235,235
245,155,66
118,91,58
133,137,137
218,56,76
237,235,237
19,20,22
241,241,241
245,235,234
35,34,34
66,92,114
66,32,44
55,86,71
202,203,201
231,217,52
72,63,72
117,105,109
43,41,41
36,36,34
17,19,20
28,29,28
219,201,205
31,36,52
168,14,31
32,31,29
237,227,222
195,133,82
238,229,220
246,124,62
234,234,234
29,29,28
17,19,18
43,43,43
243,243,243
199,201,207
36,43,51
219,219,217
246,247,248
235,235,233
11,12,11
236,97,78
186,76,90
15,28,49
82,74,48
233,203,194
28,29,29
229,217,234
34,38,63
26,26,27
211,51,63
15,22,32
175,175,177
239,238,239
242,242,242
203,205,202
36,35,41
174,172,150
91,39,51
30,21,40
46,162,106
140,138,101
74,93,132
235,235,230
178,75,72
189,203,206
10,11,12
29,29,31
63,63,63
31,57,94
142,120,82
238,201,43
172,199,241
183,158,149
154,39,42
252,209,216
19,19,20
123,106,94
155,147,148
235,233,239
34,33,39
37,45,73
249,221,209
225,225,228
182,197,187
24,26,26
22,22,22
49,47,47
27,28,28
37,37,37
231,231,227
236,235,239
29,31,32
20,21,24
112,112,136
121,73,62
240,238,239
37,36,44
198,218,216
245,245,250
251,246,212
30,59,53
193,201,201
91,101,130
242,242,241
33,43,59
51,49,51
227,217,130
92,94,93
229,222,219
74,72,76
243,243,241
20,20,20
22,23,23
246,246,246
240,238,223
243,244,214
31,33,29
232,232,232
19,22,23
249,226,183
214,156,20
110,137,151
238,230,213
17,66,168
19,22,20
244,244,243
240,223,236
182,181,186
55,55,75
237,237,237
233,224,209
239,241,240
246,242,140
66,53,47
28,28,32
23,30,48
243,243,244
105,99,94
135,71,56
176,195,183
134,141,136
89,85,72
244,244,249
17,173,144
34,34,35
60,61,58
200,203,207
235,219,82
221,216,223
99,109,107
245,245,243
44,45,74
165,132,126
247,244,235
30,30,30
223,195,185
140,98,67
80,35,38
133,30,39
18,20,31
81,82,79
148,147,147
22,21,27
34,29,30
235,235,235
33,31,33
29,51,124
237,189,57
239,239,239
185,124,76
150,145,160
104,103,101
33,32,33
41,40,40
239,239,238
132,74,56
201,106,88
67,69,69
26,26,26
244,225,213
235,234,189
132,102,81
245,243,239
22,22,24
206,156,159
34,34,33
22,21,23
67,68,51
19,21,20
16,17,18
223,161,158
182,179,179
244,78,141
142,138,137
235,159,86
239,218,167
235,234,233
13,19,29
194,214,237
27,28,26
5,80,80
234,232,229
167,148,158
49,106,101
45,47,47
246,212,199
224,217,225
3,135,110
43,41,42
31,31,31
167,169,170
16,17,21
188,34,52
18,20,22
231,219,217
172,168,167
239,239,242
20,20,20
116,114,89
14,15,16
102,102,95
7,13,17
62,70,92
233,202,190
222,82,63
235,235,233
223,219,216
197,210,229
29,32,45
116,110,108
244,245,244
149,151,151
116,98,71
30,31,33
232,232,234
237,236,229
240,242,237
27,30,30
240,238,238
241,242,239
229,229,226
24,25,27
199,105,92
180,182,163
121,110,117
53,49,45
220,215,205
230,230,230
115,125,68
230,234,238
21,21,29
236,171,156
237,236,234
39,55,165
66,64,68
31,35,51
187,143,126
47,49,48
235,235,235
17,19,18
17,18,17
36,35,38
18,19,19
75,102,142
129,142,167
29,77,69
218,236,50
23,24,25
108,105,95
21,25,41
241,240,233
218,227,217
236,227,207
21,23,22
114,100,94
119,23,51
21,22,24
250,88,60
103,154,145
88,118,178
97,85,96
245,212,85
150,117,79
242,242,242
206,69,97
163,62,60
16,17,19
101,48,57
127,114,128
240,79,145
170,75,64
39,38,38
141,165,211
148,148,142
229,229,227
27,27,27
198,76,43
190,88,118
235,194,203
37,65,72
49,47,44
221,222,218
16,17,16
162,48,35
44,46,46
225,226,230
40,38,46
52,52,52
230,230,228
241,237,230
211,148,156
25,24,26
28,31,42
246,245,245
252,129,36
59,59,58
112,102,92
31,31,34
155,151,150
233,224,219
243,245,225
23,68,111
243,244,237
98,68,23
145,213,219
238,237,239
225,205,187
196,216,237
241,241,239
32,32,32
230,201,201
15,17,16
213,214,215
29,30,31
230,226,219
35,36,38
34,34,34
254,107,91
144,148,144
66,67,79
229,229,228
227,205,203
125,96,57
121,64,55
125,124,122
240,240,240
215,188,161
171,35,47
165,189,95
241,220,209
50,51,51
231,230,227
216,217,228
24,24,24
28,29,28
41,42,42
176,79,46
51,68,64
233,233,232
71,76,78
44,45,60
89,93,110
38,41,41
32,34,33
32,34,31
232,224,203
37,38,52
84,70,45
219,209,211
31,33,50
238,237,231
58,58,58
169,193,162
158,75,72
229,230,226
157,157,153
161,111,119
210,208,199
229,229,229
186,179,161
200,194,190
16,17,17
232,203,196
251,120,108
245,246,246
85,53,46
191,221,225
136,137,135
35,37,48
32,33,38
67,63,63
236,236,235
100,100,104
246,188,183
210,57,70
236,237,232
210,198,201
100,39,50
242,242,242
248,58,67
104,102,78
164,152,159
169,178,192
24,22,27
220,229,238
240,239,238
243,221,79
157,72,66
46,47,66
51,169,201
253,114,91
15,16,18
239,239,238
59,59,59
33,33,33
189,99,43
239,235,236
32,33,59
244,245,244
231,231,227
235,225,138
230,230,231
15,17,17
238,197,113
235,27,41
216,221,234
240,241,239
66,66,66
120,206,206
240,240,239
27,27,27
33,33,35
217,139,21
104,102,102
239,46,54
240,239,239
217,184,180
252,220,224
243,243,240
238,241,244
113,105,84
162,39,48
233,231,225
39,40,36
253,213,116
21,20,21
223,223,219
22,22,22
238,236,233
41,40,40
168,171,168
231,232,231
233,233,232
219,25,64
69,50,67
234,221,100
155,155,155
229,221,144
27,25,29
20,20,20
136,119,104
170,97,87
116,135,131
102,102,99
179,185,167
7,7,7
84,80,114
118,118,118
28,28,28
245,146,120
223,204,196
25,26,28
233,232,234
251,235,177
240,238,192
26,26,26
23,22,23
32,34,47
113,87,66
243,227,197
177,178,174
238,239,242
223,223,223
224,191,191
17,18,20
236,237,233
41,116,143
223,202,168
136,133,141
25,25,27
198,99,55
228,148,141
245,167,167
231,217,210
230,229,224
186,215,131
161,160,148
231,231,233
125,108,91
27,29,28
11,16,17
252,148,187
16,17,17
129,134,123
32,31,36
213,195,197
253,221,62
126,126,129
147,148,155
236,230,219
97,47,59
123,111,135
28,51,61
30,30,32
78,83,93
229,217,216
19,20,22
223,180,96
36,38,39
25,27,26
217,218,213
156,24,34
165,154,163
21,22,22
46,43,48
38,43,59
18,20,19
125,197,180
50,65,79
232,232,230
37,41,72
22,22,22
227,195,78
253,146,65
30,31,28
222,84,76
245,233,236
204,230,67
20,20,22
240,241,239
27,27,39
237,224,177
232,233,230
216,222,230
205,232,202
159,53,53
205,191,206
17,18,20
79,86,75
234,234,234
29,28,34
23,20,18
24,26,26
24,25,25
9,11,12
245,183,196
194,58,54
41,44,56
225,240,243
116,45,58
51,17,13
17,19,20
200,200,197
33,33,33
64,50,46
108,85,49
35,36,35
57,53,53
106,97,116
105,106,110
102,94,89
221,222,220
161,135,126
28,29,31
50,50,56
108,114,126
216,230,146
240,239,235
236,236,234
131,134,140
198,204,204
197,110,129
212,70,53
83,78,83
243,233,201
243,241,201
164,153,141
55,54,61
27,29,30
241,241,241
77,73,70
233,229,227
245,34,54
76,54,60
14,15,17
245,245,245
29,27,33
92,38,64
65,37,40
220,197,179
217,51,71
242,231,228
219,218,194
108,87,71
251,76,60
53,58,75
46,48,71
196,196,208
209,113,107
186,156,163
22,28,37
36,36,36
230,225,214
40,39,39
244,245,246
242,242,242
244,244,240
242,236,236
26,26,26
211,141,92
50,50,60
186,198,192
251,246,200
207,112,53
23,23,23
75,81,93
235,21,63
12,15,16
44,36,35
36,34,36
28,29,31
28,28,28
194,206,211
196,206,219
21,23,22
210,7,45
241,239,234
26,26,26
230,42,58
123,25,37
34,33,39
23,28,47
196,196,196
35,35,35
18,19,21
18,22,24
230,229,222
69,65,55
29,29,29
2,62,80
229,231,228
105,101,103
84,83,80
79,76,77
47,44,46
209,208,208
26,29,55
28,29,29
220,223,222
36,40,41
25,27,28
37,37,56
37,43,61
241,241,241
14,15,16
237,237,239
31,106,112
237,237,238
20,20,20
242,242,241
227,225,213
215,215,214
156,53,50
33,36,67
27,27,25
240,239,235
236,236,236
37,57,54
203,194,186
24,30,43
34,34,34
221,156,82
106,72,68
21,23,22
39,39,39
30,31,30
131,132,141
224,223,221
26,26,28
27,33,45
46,48,42
249,227,220
56,59,58
45,45,46
35,43,42
26,26,28
32,35,51
46,49,68
239,239,235
232,231,216
34,33,34
110,142,138
154,71,87
74,79,71
27,27,27
93,80,69
229,217,214
27,29,33
28,33,52
245,226,226
19,21,22
151,148,144
32,35,63
209,203,202
240,235,208
219,219,218
13,16,16
165,165,164
39,39,39
127,117,113
172,180,189
240,240,240
150,80,35
32,33,32
239,237,236
30,30,30
20,20,20
77,78,78
27,29,28
71,20,35
195,213,218
34,35,37
31,35,49
221,222,222
28,29,38
55,55,55
21,22,26
20,21,23
234,225,224
26,26,26
49,74,68
40,40,41
21,22,22
56,57,60
45,18,24
18,18,19
149,102,116
50,53,71
111,31,51
145,53,61
41,42,39
241,241,241
234,234,234
59,45,55
44,44,52
19,21,22
238,239,244
237,237,235
77,44,98
62,73,102
31,32,34
164,165,164
231,218,210
164,164,164
120,143,113
85,87,88
37,36,44
47,47,52
27,27,31
45,39,48
249,231,241
133,51,91
241,202,182
14,16,16
34,39,54
15,15,15
65,71,49
238,238,237
33,31,36
235,234,236
227,226,217
233,221,224
222,210,204
27,29,42
44,37,38
67,53,32
234,235,234
157,156,155
30,32,31
225,225,219
9,10,11
232,232,230
103,31,23
251,222,61
39,45,62
210,165,52
20,20,20
242,243,245
219,218,218
28,28,29
77,55,53
238,221,220
155,157,160
117,117,115
34,34,33
17,20,21
227,151,145
129,95,102
53,54,55
226,226,226
26,25,26
80,29,40
209,122,110
199,51,56
245,244,242
142,143,142
107,108,110
137,138,136
27,27,27
207,38,45
48,46,55
207,38,45
16,16,16
35,40,58
241,242,240
208,85,55
35,37,39
47,109,82
196,78,87
62,56,54
20,21,22
69,98,88
119,119,125
34,35,46
228,227,231
87,90,62
25,26,26
49,38,50
188,206,225
227,224,221
234,234,236
15,17,17
29,30,45
230,202,188
205,134,57
234,233,231
95,97,76
19,20,19
71,78,88
75,35,81
40,41,40
33,34,32
35,92,117
234,234,234
18,34,30
252,109,59
43,48,51
32,30,37
242,117,196
23,29,47
21,22,21
239,192,184
91,82,68
223,200,201
32,33,36
232,232,232
37,39,40
227,205,203
242,242,242
66,66,66
246,246,251
34,34,31
238,238,236
22,23,22
40,41,41
180,176,167
232,232,228
112,114,113
99,27,29
71,110,197
22,23,24
242,242,237
33,33,34
90,35,39
242,242,234
34,35,42
84,83,79
190,174,166
27,29,42
99,107,112
62,77,97
233,187,170
227,83,156
71,72,72
106,111,179
66,67,83
236,200,50
37,28,31
231,232,231
241,198,102
240,236,238
25,26,28
244,244,243
49,88,182
32,33,33
240,241,241
241,241,241
224,224,227
156,109,109
21,24,26
240,241,241
48,48,51
177,95,107
21,21,21
118,73,53
34,33,35
199,148,94
41,42,40
21,23,30
247,246,242
241,241,241
167,43,66
228,226,233
24,26,28
24,33,55
241,241,241
238,238,238
241,241,241
164,164,164
192,188,191
40,46,40
192,192,187
75,30,53
142,144,150
45,45,72
128,129,131
39,57,90
73,77,162
42,43,40
230,230,231
26,27,26
156,161,169
19,21,20
23,123,124
51,100,159
246,210,228
216,162,134
90,41,45
228,229,231
103,111,123
140,114,102
144,74,67
237,222,142
14,15,17
142,144,151
170,170,170
230,230,229
238,238,237
135,160,195
244,244,243
203,134,75
38,41,60
40,40,43
148,143,148
161,92,50
78,75,80
42,39,40
22,23,22
39,39,42
240,240,240
25,26,27
39,37,38
235,236,233
20,21,22
233,233,233
218,219,217
61,30,38
46,59,109
52,52,75
19,20,19
225,223,210
25,32,51
25,26,25
238,238,238
22,29,52
22,25,37
205,206,204
87,91,108
28,29,28
204,137,142
23,24,26
139,169,190
160,164,177
251,222,229
34,91,104
20,21,23
164,174,205
222,209,190
215,19,20
19,19,19
153,139,118
35,31,30
229,230,224
154,155,153
161,81,69
102,115,144
92,123,134
43,41,34
135,135,135
122,23,91
222,160,128
35,33,35
20,21,18
66,86,172
245,245,245
177,169,50
12,12,12
13,14,14
176,155,151
29,31,31
54,48,55
24,25,26
203,203,207
106,98,79
18,16,16
39,46,69
33,35,35
207,155,167
146,150,150
186,173,173
177,164,154
27,30,38
18,19,21
237,237,231
238,235,228
110,112,113
223,142,46
233,233,237
107,24,38
143,91,43
219,206,190
222,162,67
227,214,214
241,240,246
236,237,241
233,233,231
172,166,160
165,158,168
114,126,117
17,17,19
236,236,236
236,235,230
26,30,44
236,217,151
100,98,135
28,29,31
168,168,170
217,214,203
217,214,203
53,61,52
106,110,86
62,70,87
244,218,215
162,162,157
21,21,21
238,238,236
36,37,46
27,28,45
66,61,44
57,58,56
244,243,247
24,24,26
35,37,49
153,150,142
242,241,237
152,67,70
160,70,36
238,239,233
20,23,30
58,57,65
211,58,74
65,65,65
55,61,85
45,52,67
26,27,28
230,230,231
227,226,223
65,27,29
136,155,162
129,132,150
35,38,60
23,24,38
36,43,69
32,32,33
30,30,34
243,240,240
32,37,56
101,100,88
159,160,164
33,34,53
35,35,36
23,30,43
23,25,27
19,19,29
228,228,228
16,15,18
32,35,36
17,16,17
80,113,128
97,97,97
20,22,22
136,90,48
98,21,38
59,35,34
222,205,122
231,231,226
34,43,67
246,246,244
61,51,49
217,218,223
28,29,29
44,44,44
111,152,156
43,45,39
191,191,192
84,77,82
241,242,239
243,241,241
29,29,29
199,18,34
47,43,41
213,214,218
252,88,56
236,234,230
101,74,151
21,24,32
129,159,196
23,68,66
239,57,62
179,141,135
15,15,15
17,14,18
21,104,98
52,49,56
30,30,30
133,104,111
19,21,22
110,125,146
98,109,130
200,20,37
110,98,94
241,235,215
232,219,227
48,47,49
35,32,39
221,219,218
27,28,29
86,71,87
186,69,51
143,138,106
44,45,52
144,70,56
55,55,62
235,234,233
110,110,110
240,239,237
243,244,243
6,155,91
144,48,43
233,233,227
225,221,232
235,208,200
15,16,15
236,236,236
44,31,31
85,97,99
173,66,51
137,117,95
156,82,90
38,48,66
191,197,205
241,242,244
239,239,237
60,59,60
162,123,116
188,54,67
227,227,225
214,131,63
224,212,215
204,135,132
109,109,99
19,21,21
26,27,34
105,106,106
231,231,231
32,32,36
37,44,65
206,66,116
236,197,64
22,27,48
34,35,47
222,223,223
212,205,228
34,32,35
7,54,53
67,79,106
73,23,34
33,33,33
203,196,77
69,65,71
67,70,65
58,61,69
155,99,107
209,210,205
202,143,29
163,165,168
150,153,132
238,209,202
26,24,22
39,40,39
120,116,109
223,221,219
141,109,90
234,234,229
37,37,37
147,151,127
26,25,27
99,102,117
177,61,91
235,235,235
228,197,196
230,231,227
17,18,18
29,29,28
104,63,78
93,100,103
204,198,191
141,141,144
222,219,210
252,201,205
231,228,189
30,30,30
210,72,76
183,178,179
194,83,73
58,26,39
21,22,23
27,27,27
244,243,242
17,20,21
61,79,109
82,29,37
133,95,59
219,218,212
202,179,171
124,161,199
228,82,88
10,10,12
12,14,14
47,46,43
107,92,94
23,23,23
32,37,54
24,24,43
20,22,23
26,27,30
164,129,119
19,19,17
27,26,23
18,20,21
40,41,44
20,21,26
218,219,218
242,242,244
28,28,30
222,126,129
43,44,43
220,33,44
111,73,62
16,17,19
133,184,224
212,195,189
251,118,177
247,248,247
165,145,89
17,18,20
194,2,23
38,38,44
17,21,22
222,223,221
25,25,25
241,203,211
17,140,246
222,236,174
245,163,87
42,45,64
50,83,114
36,38,37
28,28,28
44,45,53
238,238,238
35,35,42
225,224,220
131,119,121
235,236,238
230,228,180
23,24,26
210,163,154
57,54,49
186,189,184
205,191,185
214,192,192
23,25,32
218,219,218
32,31,36
30,31,32
87,87,86
243,168,202
172,187,208
134,112,69
228,228,219
242,242,244
96,37,45
23,23,27
43,43,43
32,34,35
47,51,51
216,205,205
247,242,245
237,238,238
204,201,201
73,31,36
35,37,38
26,34,50
28,29,30
175,175,176
34,35,36
216,217,214
105,51,77
155,166,194
227,227,225
28,30,35
29,47,42
191,17,63
22,23,26
216,201,208
11,12,13
242,245,165
181,182,181
31,39,52
79,76,80
228,228,228
104,87,88
235,233,234
34,43,58
62,62,62
195,24,57
16,17,17
220,127,124
107,107,107
238,236,235
230,203,224
23,24,24
13,15,17
210,199,194
75,75,84
151,22,35
27,25,27
21,22,27
34,33,37
246,242,246
241,242,242
237,238,237
228,229,230
210,209,203
228,226,229
239,239,234
240,224,226
35,36,36
35,36,36
29,168,210
219,71,71
168,143,126
60,51,52
238,238,238
6,181,168
45,30,29
30,28,31
234,232,230
54,44,42
248,248,248
241,241,241
218,223,233
50,102,180
186,202,225
240,110,73
23,24,27
239,57,57
80,51,56
78,107,111
241,239,241
98,96,105
40,41,43
190,217,239
20,21,23
227,229,233
160,157,162
61,61,62
17,17,17
243,243,245
99,102,107
93,24,40
87,46,63
44,45,50
17,72,203
240,240,240
245,230,222
231,233,234
235,235,238
22,24,23
240,242,239
243,242,239
19,21,20
61,60,66
251,57,110
245,245,244
35,34,32
29,32,42
234,234,234
238,238,234
247,238,238
35,36,37
165,39,50
47,47,45
156,176,170
236,236,236
209,26,43
245,242,237
229,207,186
236,235,232
32,31,28
231,231,228
213,192,193
13,13,11
24,25,25
214,184,183
245,245,245
11,11,10
48,48,50
36,41,56
35,41,62
246,229,237
16,18,17
240,238,238
87,87,87
23,24,26
141,120,108
234,226,221
232,222,223
74,162,174
27,25,28
238,238,235
165,191,220
67,73,79
26,26,27
44,64,131
89,92,95
20,26,29
192,208,225
45,46,48
138,19,39
48,57,47
25,25,25
71,92,100
25,25,25
231,231,229
43,45,62
97,25,50
48,51,51
46,66,135
43,51,81
26,28,28
32,32,32
218,218,218
175,57,74
205,206,204
194,195,193
38,32,29
25,27,27
246,247,246
25,26,26
58,62,129
30,31,31
243,243,243
29,30,31
172,54,67
17,17,21
23,25,24
222,223,224
146,143,149
220,196,194
22,22,21
34,34,34
235,235,234
17,18,20
215,213,216
43,46,71
235,235,235
34,34,37
37,37,37
236,238,237
34,44,77
53,76,119
230,231,232
202,12,41
23,27,39
90,35,43
203,141,48
112,125,142
18,24,33
36,37,36
14,14,14
201,204,200
229,227,232
238,233,214
70,70,69
70,77,53
215,209,208
236,228,206
32,33,33
154,83,141
54,85,101
98,24,36
28,29,28
242,239,237
47,43,51
27,27,27
244,244,244
38,41,45
178,66,35
128,26,56
120,123,132
53,53,54
202,126,104
243,244,241
161,80,82
10,12,12
33,33,33
21,22,23
71,73,66
83,29,37
27,28,29
241,211,204
139,140,137
251,206,234
249,209,218
250,97,68
13,78,177
96,31,31
236,236,241
18,18,18
230,230,230
74,79,56
231,231,231
233,224,213
35,33,38
216,217,215
28,29,31
15,15,15
39,87,62
9,87,110
231,245,244
18,19,21
243,245,245
24,27,56
55,50,58
240,239,243
179,184,197
99,99,99
207,219,225
242,231,232
28,27,28
245,223,216
19,19,19
50,52,53
27,30,49
42,43,43
230,178,25
29,28,26
194,124,26
212,213,215
33,29,31
240,240,242
202,144,152
26,27,28
72,76,63
24,27,28
228,224,219
44,44,45
22,24,26
198,183,173
218,169,88
236,232,148
29,30,32
24,23,23
27,28,35
38,34,27
25,26,43
140,168,186
19,20,21
32,32,32
35,37,36
40,42,56
27,28,29
228,229,219
223,149,89
45,45,45
26,27,26
187,89,47
39,46,68
207,208,212
29,29,27
241,195,42
64,65,68
111,50,77
26,27,29
139,222,230
50,51,73
95,95,84
16,17,17
71,57,64
127,139,145
251,211,210
121,113,112
20,22,22
230,231,237
45,67,149
25,27,27
245,245,245
234,234,234
77,71,67
197,164,66
18,19,20
190,199,192
23,22,27
32,33,33
211,210,206
70,70,74
235,65,80
170,143,120
208,210,207
3,86,86
80,80,108
69,71,61
69,14,24
41,41,42
219,28,50
222,223,224
208,192,177
242,242,242
52,48,47
52,48,47
114,49,41
22,22,22
24,24,23
23,24,25
79,79,74
246,246,247
31,31,31
226,227,227
233,176,74
33,32,36
243,148,132
27,36,70
220,156,6
239,240,237
172,156,143
22,57,161
18,20,20
223,220,219
169,158,146
35,35,34
77,75,71
55,54,41
78,69,78
100,88,55
167,166,162
35,35,33
19,21,21
168,171,168
225,222,213
29,27,32
86,89,69
45,48,40
77,34,42
10,64,102
25,24,22
59,57,64
223,224,223
24,25,26
80,75,73
151,116,84
146,145,149
11,21,34
194,216,240
237,227,195
63,66,66
36,34,36
239,240,239
73,32,50
186,139,123
207,167,160
89,41,53
105,105,105
63,65,59
219,126,155
229,230,227
40,50,71
